5 5
47.5088063062821 0.8066315057392832 10 0 1 2 3 4 5 6 7 8 9 200 3 4 1 3 
47.55418021550906 0.9496324102310203 10 0 1 2 3 4 5 6 7 8 9 200 3 0 4 3 
47.490643223533596 0.3740700174623114 10 0 1 2 3 4 5 6 7 8 9 200 2 3 4 
47.42757672277674 0.6418391039314519 10 0 1 2 3 4 5 6 7 8 9 200 3 2 0 1 
47.42499256105147 0.7950538795010083 10 0 1 2 3 4 5 6 7 8 9 200 3 0 1 2 
47.41165454791928 0.8018887634197662 6 6 7 2 3 0 1 0.0 0.0 22.86 29.19 29.9 
47.23666757842529 1.0103651347133096 4 4 5 6 7 27.97 0.0 20.44 0.0 0.0 
47.3782962603544 1.0621713144859313 6 6 7 8 9 2 3 0.0 0.0 24.06 27.23 28.39 
47.301078168619355 1.0324483657586958 6 6 7 2 3 0 1 20.73 0.0 28.34 0.0 0.0 
47.337952003427446 0.6072525512906997 6 6 7 2 3 4 5 0.0 29.83 0.0 0.0 27.98 
