5 5
47.5088063062821 0.8066315057392832 10 0 1 2 3 4 5 6 7 8 9 200 2 1 4 
47.55418021550906 0.9496324102310203 10 0 1 2 3 4 5 6 7 8 9 200 2 0 4 
47.490643223533596 0.3740700174623114 10 0 1 2 3 4 5 6 7 8 9 200 1 3 
47.23666757842529 1.0103651347133096 10 0 1 2 3 4 5 6 7 8 9 200 1 2 
47.3782962603544 1.0621713144859313 10 0 1 2 3 4 5 6 7 8 9 200 2 0 1 
47.337952003427446 0.6072525512906997 6 8 9 6 7 0 1 0.0 21.98 0.0 21.31 26.19 
47.447147719258425 0.6300391364299178 6 6 7 8 9 2 3 25.3 22.98 0.0 0.0 0.0 
47.3938610218014 0.5873196117600923 6 6 7 2 3 8 9 0.0 20.6 0.0 0.0 20.3 
47.45453674167554 0.7451425964003333 6 8 9 4 5 2 3 0.0 24.1 24.47 26.4 0.0 
47.32632190598063 0.6490044077941611 4 0 1 8 9 20.48 0.0 28.38 22.45 0.0 
