5 15
47.5088063062821 0.8066315057392832 10 0 1 2 3 4 5 6 7 8 9 200 3 4 1 3 
47.55418021550906 0.9496324102310203 10 0 1 2 3 4 5 6 7 8 9 200 3 0 4 3 
47.490643223533596 0.3740700174623114 10 0 1 2 3 4 5 6 7 8 9 200 2 3 4 
47.42757672277674 0.6418391039314519 10 0 1 2 3 4 5 6 7 8 9 200 3 2 0 1 
47.42499256105147 0.7950538795010083 10 0 1 2 3 4 5 6 7 8 9 200 3 0 1 2 
47.41165454791928 0.8018887634197662 4 6 7 4 5 23.06 0.0 0.0 28.84 29.17 
47.23666757842529 1.0103651347133096 4 6 7 0 1 0.0 0.0 26.3 0.0 21.8 
47.3782962603544 1.0621713144859313 4 4 5 2 3 27.25 20.53 29.23 0.0 0.0 
47.301078168619355 1.0324483657586958 4 8 9 6 7 22.56 0.0 26.17 0.0 26.02 
47.337952003427446 0.6072525512906997 4 6 7 4 5 0.0 0.0 0.0 21.69 20.75 
47.57477093953749 0.8377767046578173 6 6 7 4 5 8 9 0.0 0.0 0.0 21.05 25.95 
47.28540561828105 0.947405936339138 4 8 9 0 1 28.16 25.56 29.25 0.0 0.0 
47.18958720181025 0.6279850528490871 6 6 7 2 3 0 1 20.88 0.0 22.78 0.0 0.0 
47.480819200706044 0.6180806532448451 4 8 9 4 5 25.94 0.0 0.0 0.0 27.08 
47.590374141335566 0.5882918445813055 4 4 5 8 9 0.0 29.8 28.86 0.0 0.0 
47.34241534756092 0.323657102518216 6 0 1 2 3 6 7 0.0 24.55 0.0 21.45 26.14 
47.23752063190455 0.8059941279639296 6 2 3 8 9 4 5 0.0 0.0 0.0 25.62 22.88 
47.41521886984394 0.3478457913666406 6 6 7 8 9 4 5 28.53 0.0 29.89 20.36 0.0 
47.408297232366124 0.9447531939005356 4 2 3 0 1 0.0 29.47 29.83 0.0 0.0 
47.487408934564144 0.8578752367992264 4 8 9 4 5 29.75 0.0 28.62 0.0 24.39 
