5 10
47.5088063062821 0.8066315057392832 10 0 1 2 3 4 5 6 7 8 9 200 3 4 1 3 
47.55418021550906 0.9496324102310203 10 0 1 2 3 4 5 6 7 8 9 200 3 0 4 3 
47.490643223533596 0.3740700174623114 10 0 1 2 3 4 5 6 7 8 9 200 2 3 4 
47.42757672277674 0.6418391039314519 10 0 1 2 3 4 5 6 7 8 9 200 3 2 0 1 
47.42499256105147 0.7950538795010083 10 0 1 2 3 4 5 6 7 8 9 200 3 0 1 2 
47.41165454791928 0.8018887634197662 6 2 3 4 5 0 1 24.4 0.0 0.0 0.0 26.69 
47.23666757842529 1.0103651347133096 4 0 1 4 5 0.0 21.89 0.0 21.4 24.0 
47.3782962603544 1.0621713144859313 4 8 9 0 1 23.22 0.0 23.06 0.0 0.0 
47.301078168619355 1.0324483657586958 4 4 5 2 3 28.44 0.0 0.0 28.97 21.55 
47.337952003427446 0.6072525512906997 6 6 7 8 9 2 3 27.86 0.0 0.0 26.77 25.55 
47.57477093953749 0.8377767046578173 4 8 9 6 7 0.0 0.0 26.9 0.0 23.7 
47.28540561828105 0.947405936339138 6 0 1 6 7 4 5 29.95 20.38 28.11 0.0 0.0 
47.18958720181025 0.6279850528490871 4 2 3 4 5 21.17 0.0 28.25 0.0 26.02 
47.480819200706044 0.6180806532448451 6 8 9 0 1 4 5 0.0 0.0 0.0 21.77 25.31 
47.590374141335566 0.5882918445813055 4 6 7 4 5 0.0 0.0 0.0 21.25 29.08 
